13 14 12 11 10 9 8 7 6 5 4 3 2 1 0 
13 14 11 12 10 9 8 7 6 5 4 3 2 1 0 
13 14 11 12 9 10 8 7 6 5 4 3 2 1 0 
13 14 11 12 9 10 7 8 6 5 4 3 2 1 0 
13 14 11 12 9 10 7 8 5 6 4 3 2 1 0 
13 14 11 12 9 10 7 8 5 6 3 4 2 1 0 
13 14 11 12 9 10 7 8 5 6 3 4 1 2 0 
11 12 13 14 9 10 7 8 5 6 3 4 1 2 0 
11 12 13 14 7 8 9 10 5 6 3 4 1 2 0 
11 12 13 14 7 8 9 10 3 4 5 6 1 2 0 
11 12 13 14 7 8 9 10 3 4 5 6 0 1 2 
7 8 9 10 11 12 13 14 3 4 5 6 0 1 2 
7 8 9 10 11 12 13 14 0 1 2 3 4 5 6 
0 1 2 3 4 5 6 7 8 9 10 11 12 13 14 
